AdjacencyGraph
32
320
0
24
34
52
68
88
105
117
122
137
152
159
164
172
183
188
192
208
218
224
232
242
247
257
262
272
281
289
296
305
312
317
16
16
10
6
25
0
0
1
0
0
3
2
2
10
18
16
0
8
20
0
0
2
5
16
0
1
27
11
1
17
1
1
1
0
2
18
0
3
30
3
20
2
2
0
2
10
2
20
16
0
0
10
7
17
19
14
13
3
2
3
2
19
3
18
3
14
2
3
6
4
4
0
7
4
6
0
21
4
5
6
20
5
4
0
1
8
2
0
4
23
4
1
9
22
4
4
5
4
12
13
4
15
1
5
13
6
14
2
0
6
4
2
15
14
2
6
4
7
3
7
11
23
2
24
0
0
6
0
9
16
9
8
24
8
12
8
24
29
1
13
9
3
9
0
1
13
9
11
9
25
25
1
10
10
11
14
10
10
10
0
11
26
11
15
8
12
30
28
31
8
22
12
13
5
8
9
5
29
29
5
31
9
13
26
14
6
12
13
14
3
6
15
2
2
16
16
16
20
0
24
8
16
16
0
16
16
0
16
0
16
17
1
1
21
0
16
1
16
2
2
16
19
18
26
19
0
19
31
19
15
16
18
6
0
4
16
20
20
6
22
16
20
17
17
20
5
31
0
22
6
22
3
20
22
6
29
22
19
20
4
23
7
10
9
24
8
24
24
26
24
28
24
21
25
16
23
9
25
1
17
25
26
10
27
24
26
26
26
10
19
26
11
24
11
19
9
21
28
28
29
24
23
28
24
24
21
21
21
13
21
29
25
30
30
22
20
14
28
14
28
